N	Bubble	Selection	Insertion	Quick	Merge	Heap
100	9.215E-4	1.887E-4	7.75E-5	5.83E-5	1.101E-4	4.371E-4
100	4.637E-4	1.954E-4	8.27E-5	7.13E-5	1.125E-4	6.82E-5
100	4.411E-4	1.964E-4	7.81E-5	7.46E-5	1.171E-4	7.16E-5
100	4.386E-4	1.928E-4	8.51E-5	7.02E-5	3.0E-5	7.96E-5
100	3.954E-4	2.319E-4	1.116E-4	2.1E-5	4.61E-5	5.16E-5
100	4.288E-4	1.981E-4	7.15E-5	2.49E-5	2.58E-5	4.31E-5
100	4.5E-4	1.997E-4	8.43E-5	1.57E-5	2.74E-5	7.18E-5
100	3.747E-4	1.916E-4	7.5E-5	1.3E-5	3.13E-5	2.65E-5
100	4.122E-4	2.016E-4	7.78E-5	1.19E-5	2.9E-5	2.76E-5
100	4.028E-4	2.141E-4	7.76E-5	1.43E-5	2.76E-5	2.61E-5
100	3.799E-4	1.877E-4	8.02E-5	1.05E-5	2.58E-5	2.46E-5
100	3.906E-4	2.081E-4	9.74E-5	1.25E-5	2.43E-5	2.53E-5
100	4.089E-4	6.75E-5	7.93E-5	1.66E-5	2.63E-5	2.45E-5
100	9.76E-5	3.61E-5	8.42E-5	1.11E-5	2.51E-5	2.62E-5
100	6.33E-5	1.85E-5	8.04E-5	1.11E-5	3.46E-5	2.69E-5
100	6.02E-5	1.91E-5	9.09E-5	1.18E-5	2.57E-5	2.66E-5
100	5.92E-5	2.04E-5	8.92E-5	1.16E-5	3.05E-5	2.48E-5
100	1.083E-4	3.61E-5	1.134E-4	2.21E-5	4.67E-5	4.3E-5
100	9.93E-5	3.49E-5	1.255E-4	1.64E-5	4.13E-5	4.23E-5
100	9.88E-5	3.89E-5	1.153E-4	1.65E-5	4.1E-5	4.08E-5
1000	0.0064816	0.0013465	0.001908	2.235E-4	0.0020638	3.389E-4
1000	0.0024418	0.0013629	4.982E-4	1.689E-4	0.0025008	3.317E-4
1000	0.0026181	0.0013885	4.988E-4	1.366E-4	0.0025876	3.569E-4
1000	0.0023963	0.0011244	2.631E-4	1.03E-4	0.0011565	3.37E-4
1000	0.0021604	3.943E-4	2.642E-4	1.059E-4	0.00149	2.74E-4
1000	0.0035112	4.307E-4	2.706E-4	1.064E-4	0.001151	2.372E-4
1000	0.0034037	3.0E-4	2.725E-4	1.138E-4	0.0013868	2.496E-4
1000	0.0023168	3.048E-4	2.551E-4	1.035E-4	0.0012579	2.216E-4
1000	0.0035578	3.135E-4	2.765E-4	1.631E-4	0.001972	2.159E-4
1000	0.0021205	2.904E-4	2.523E-4	9.98E-5	0.0011125	2.051E-4
1000	0.0022295	2.901E-4	2.608E-4	1.083E-4	0.0015075	2.122E-4
1000	0.0022151	3.222E-4	3.215E-4	1.695E-4	0.0013644	2.494E-4
1000	0.0025685	2.831E-4	2.613E-4	9.58E-5	0.0012426	2.123E-4
1000	0.0025262	2.901E-4	2.557E-4	9.3E-5	0.0010907	2.083E-4
1000	0.002252	2.94E-4	2.618E-4	9.29E-5	0.0015302	2.403E-4
1000	0.0027318	2.894E-4	2.605E-4	8.6E-5	0.0011107	2.096E-4
1000	0.0020291	2.976E-4	2.508E-4	8.92E-5	0.0011744	2.073E-4
1000	0.0023977	3.0E-4	2.698E-4	1.013E-4	0.0012939	2.017E-4
1000	0.0021864	2.934E-4	2.694E-4	1.055E-4	0.0014686	2.235E-4
1000	0.0021447	2.877E-4	2.421E-4	9.7E-5	0.0014281	2.03E-4
10000	0.1412463	0.0306823	0.0300244	7.454E-4	0.0425485	0.002349
10000	0.1222637	0.0309631	0.0225626	8.029E-4	0.0619433	0.0021057
10000	0.1702741	0.031071	0.0229365	8.78E-4	0.0427834	0.0017707
10000	0.1171534	0.0310013	0.0227497	8.164E-4	0.0427188	0.0018154
10000	0.12181	0.0312838	0.0227172	7.824E-4	0.0349333	0.0017337
10000	0.1208714	0.0312299	0.0225548	7.603E-4	0.0362022	0.0015588
10000	0.1230979	0.0311266	0.0230709	7.759E-4	0.0436058	0.0015698
10000	0.1147304	0.031315	0.0226818	8.436E-4	0.0424813	0.0015543
10000	0.1220958	0.0313857	0.0227781	7.756E-4	0.0348608	0.0015366
10000	0.1319332	0.0330505	0.0242253	8.163E-4	0.0398693	0.0015877
10000	0.1197017	0.0309126	0.0224018	8.031E-4	0.0402998	0.0015331
10000	0.1150597	0.0311767	0.0227375	8.324E-4	0.0398938	0.0015275
10000	0.1141565	0.0312519	0.0226432	8.238E-4	0.0368084	0.0015621
10000	0.1144952	0.0309899	0.022706	8.019E-4	0.0367961	0.0015368
10000	0.1169576	0.0310201	0.0226608	7.863E-4	0.035427	0.0015764
10000	0.117838	0.0314039	0.0227936	7.605E-4	0.035234	0.0015507
10000	0.1220462	0.0325842	0.0297238	7.773E-4	0.0382667	0.0016932
10000	0.1246894	0.0327077	0.0293022	8.03E-4	0.0446064	0.0016614
10000	0.1200492	0.0316801	0.0232217	8.202E-4	0.0458762	0.0015372
10000	0.1278795	0.0331024	0.0240196	8.814E-4	0.0497856	0.0016583
100000	34.8118739	3.9165294	2.6473139	0.0102284	1.9557512	0.0238872
100000	33.1102269	3.9964683	3.3442923	0.0133701	1.8668412	0.0258158
100000	36.7520736	4.2901193	3.5446675	0.0130956	2.0494518	0.0210174
100000	35.5228484	4.4586648	8.4548547	0.0102667	1.939082	0.0212123
100000	34.172084	4.2785953	3.1530117	0.0103687	1.9415475	0.022332
100000	33.4996976	3.822413	2.6726777	0.0102894	1.7749423	0.0210488
100000	30.594343	3.8369137	3.8470922	0.0104983	1.7804076	0.0210439
100000	30.7158111	3.7938304	5.8661918	0.0103306	1.7419722	0.0209982
100000	30.5559143	3.8953979	2.5701956	0.0101819	1.7686493	0.0209516
100000	31.1695118	4.1911617	7.2750829	0.0107459	1.8838377	0.0213357
100000	31.1672732	4.1642539	3.3825163	0.0103357	1.7776075	0.0210508
100000	30.5223746	3.8346334	6.1439904	0.0103515	1.8332367	0.0216497
100000	30.8317824	3.930919	4.2364854	0.0105612	1.9962493	0.0209519
100000	30.7322324	3.8554009	4.9338668	0.0102264	1.7803829	0.0224549
100000	30.3573911	3.6746142	6.4835055	0.0101841	1.7416589	0.0210024
100000	30.6535431	3.9123467	3.4723417	0.0103582	1.7507455	0.0210396
100000	30.4021373	3.8282518	5.16801	0.0104126	1.7550631	0.0211192
100000	30.266289	3.7511709	2.607041	0.0103804	1.7400864	0.0209141
100000	30.689083	3.8658236	6.1139061	0.0103764	1.8560541	0.0213588
100000	30.9922418	3.9564621	6.2359054	0.0101477	1.7462789	0.0217697
