1000000
Sequential Search Algorithm
2.6468 0.3291 0.2169 0.3312 0.8602 0.3526 0.2268 0.1919 0.1828 0.3187 0.4662 0.4062 0.4494 0.4504 0.4752 0.4383 0.4568 0.5169 0.4215 0.4478 
Binary Search Algorithm
0.0033 0.0039 0.0152 9.0E-4 9.0E-4 4.0E-4 3.0E-4 4.0E-4 5.0E-4 2.0E-4 0.0019 0.0105 1.0E-4 1.0E-4 2.0E-4 1.0E-4 1.0E-4 1.0E-4 1.0E-4 1.0E-4 
Binary Search Tree Algorithm
0.0143 0.0352 0.0309 0.0038 0.0355 0.0033 0.0029 0.0035 0.0032 0.0019 0.0275 0.0288 0.0028 0.0027 0.0032 0.0029 0.0013 0.0015 0.0028 0.0012 
10000000
Sequential Search Algorithm
5.0871 3.4113 3.5679 4.0287 4.4513 3.6102 3.9396 4.106 5.4017 3.4383 5.101 3.8732 3.914 3.5137 3.539 3.5747 3.2721 4.4795 4.3113 3.4539 
Binary Search Algorithm
0.0037 5.0E-4 7.0E-4 7.0E-4 8.0E-4 6.0E-4 7.0E-4 8.0E-4 6.0E-4 6.0E-4 9.0E-4 8.0E-4 9.0E-4 0.001 7.0E-4 9.0E-4 9.0E-4 8.0E-4 7.0E-4 7.0E-4 
Binary Search Tree Algorithm
0.0419 0.0036 0.0052 0.0309 0.0035 0.0036 0.0062 0.0031 0.0272 0.0032 0.0033 0.0036 0.0042 0.003 0.0038 0.0246 0.0033 0.0032 0.0029 0.0037 
